
-38.25502672247993
-123.88542612616953
-41.03406470680083
-86.83336454172273
-300.03906927040504
-300.0265462752911
-29.20108824592509
-108.65205918800594
-32.20848906756939
-108.4057025302204
-108.64794004053697
-108.60493024086468
-27.785807397524
-108.4546123793972
-36.43847699143945
-89.85848330605842
-86.43399712488434
-83.78870882494803
-300.01663512445765
-33.695462808716954
-108.641401780973
-29.898179853672808
-45.8799924936682
-90.05612956771154
-47.801865749234494
-92.14843659438871
-108.31067972867774
-108.6591593807583
-64.28206244828583
-85.39291627484981
-103.98493666083364
-300.02802316135194
-164.21628130273635
-118.32292930803143
-109.1364185749619
-118.2486137094261
-115.82251223894735
-108.91051486847958
-105.79124378692899
-103.54117060360457
-96.29694295698378
-108.55576060663843
-108.36495846880145
-99.12850820207724
-102.46229536890695
-104.01871901941739
-96.81632755179871
-106.17443358259722
-103.84044696360445
-99.13727963398067
-102.88913781044077
-96.25993696987928
-100.81319031786892
-94.33580921123301
-100.69625994595839
-99.38881274643175
-97.22326131811616
-99.38309487203891
-104.73176827778744
-100.16949341585794
-90.64867978750156
-104.24899429432078
-98.67143692813067
-100.94834130039551
-99.25014346501328
-100.4634477784437
-104.87757174916499
-93.62666421144661
-300.0283451058694
-300.021345272359
-122.80647359191698
-104.09392727569013
-300.2061593058031
-142.01038631293505
-113.82083363306978
-110.91856463466976